Reacoes de apoio [N]
[[3900.01179916]
 [2899.98589597]
 [1599.98432298]]

Deslocamentos [m]
[[ 0.        ]
 [ 0.        ]
 [ 0.37317742]
 [-1.60146239]
 [ 0.13362356]
 [-1.73197764]
 [ 0.0964707 ]
 [-1.64883474]
 [ 0.20746776]
 [-1.72249198]
 [-0.12044474]
 [-1.57771162]
 [ 0.4325205 ]
 [ 0.        ]]

Deformacoes []
[[ -3.6321013 ]
 [  6.03499296]
 [  2.71315316]
 [  0.8212538 ]
 [ -3.49412209]
 [  9.35747647]
 [ -1.38628365]
 [-15.23577825]
 [ -0.62731633]
 [  0.62731633]
 [  1.08056124]]

Forcas internas [N]
[[ -9915.6365442 ]
 [ 16475.53077069]
 [  7406.90813023]
 [  2242.02286241]
 [ -9538.95331251]
 [ 25545.9107555 ]
 [ -3784.55436144]
 [-41593.67461179]
 [ -1712.57358036]
 [  1712.57358036]
 [  2949.93219137]]

Tensoes internas [Pa]
[[-1.88869268e+09]
 [ 3.13819634e+09]
 [ 1.41083964e+09]
 [ 4.27051974e+08]
 [-1.81694349e+09]
 [ 4.86588776e+09]
 [-7.20867497e+08]
 [-7.92260469e+09]
 [-3.26204491e+08]
 [ 3.26204491e+08]
 [ 5.61891846e+08]]